0.765625
0.7861328125
0.8037109375
0.818359375
0.8310546875
0.841796875
0.8515625
0.8603515625
0.8681640625
0.875
0.880859375
0.88671875
0.8916015625
0.896484375
0.900390625
0.904296875
0.908203125
0.9111328125
0.9140625
0.9169921875
0.919921875
0.9228515625
0.9248046875
0.927734375
0.9296875
0.931640625
0.93359375
0.9345703125
0.9365234375
0.9384765625
0.939453125
0.94140625
0.9423828125
0.9443359375
0.9453125
0.9462890625
0.947265625
0.9482421875
0.9501953125
0.951171875
0.9521484375
0.953125
0.953125
0.9541015625
0.955078125
0.9560546875
0.95703125
0.9580078125
0.9580078125
0.958984375
0.9599609375
0.9599609375
0.9609375
0.9619140625
0.9619140625
0.962890625
0.962890625
0.9638671875
0.9638671875
0.96484375
0.96484375
0.9658203125
0.9658203125
0.966796875
0.966796875
0.9677734375
0.9677734375
0.96875
0.96875
0.96875
0.9697265625
0.9697265625
0.970703125
0.970703125
0.970703125
0.9716796875
0.9716796875
0.9716796875
0.97265625
0.97265625
0.97265625
0.9736328125
0.9736328125
0.9736328125
0.9736328125
0.974609375
0.974609375
0.974609375
0.974609375
0.9755859375
0.9755859375
0.9755859375
0.9755859375
0.9765625
0.9765625
0.9765625
0.9765625
0.9775390625
0.9775390625
0.9775390625
0.9775390625
0.9775390625
0.978515625
0.978515625
0.978515625
0.978515625
0.978515625
0.9794921875
0.9794921875
0.9794921875
0.9794921875
0.9794921875
0.9794921875
0.98046875
0.98046875
0.98046875
0.98046875
0.98046875
0.98046875
0.98046875
0.9814453125
0.9814453125
0.9814453125
0.9814453125
0.9814453125
0.9814453125
0.9814453125
0.982421875
0.982421875
0.982421875
0.982421875
0.982421875
0.982421875
0.982421875
0.982421875
0.9833984375
0.9833984375
0.9833984375
0.9833984375
0.9833984375
0.9833984375
0.9833984375
0.9833984375
0.9833984375
0.984375
0.984375
0.984375
0.984375
0.984375
0.984375
0.984375
0.984375
0.984375
0.984375
0.984375
0.9853515625
0.9853515625
0.9853515625
0.9853515625
0.9853515625
0.9853515625
0.9853515625
0.9853515625
0.9853515625
0.9853515625
0.9853515625
0.986328125
0.986328125
0.986328125
0.986328125
0.986328125
0.986328125
0.986328125
0.986328125
0.986328125
0.986328125
0.986328125
0.986328125
0.986328125
0.986328125
0.9873046875
0.9873046875
0.9873046875
0.9873046875
0.9873046875
0.9873046875
0.9873046875
0.9873046875
0.9873046875
0.9873046875
0.9873046875
0.9873046875
0.9873046875
0.9873046875
0.9873046875
0.9873046875
0.98828125
0.98828125
0.98828125
0.98828125
0.98828125
0.98828125
0.98828125
0.98828125
0.98828125
0.98828125
0.98828125
0.98828125
0.98828125
0.98828125
0.98828125
0.98828125
0.98828125
0.98828125
0.98828125
0.9892578125
0.9892578125
0.9892578125
0.9892578125
0.9892578125
0.9892578125
0.9892578125
0.9892578125
0.9892578125
0.9892578125
0.9892578125
0.9892578125
0.9892578125
0.9892578125
0.9892578125
0.9892578125
0.9892578125
0.9892578125
0.9892578125
0.9892578125
0.9892578125
0.9892578125
0.990234375
0.990234375
0.990234375
0.990234375
0.990234375
0.990234375
0.990234375
0.990234375
0.990234375
0.990234375
0.990234375
0.990234375
0.990234375
0.990234375
0.990234375
0.990234375
0.990234375
0.990234375
0.990234375
0.990234375
0.990234375
0.990234375
0.990234375
0.990234375
0.990234375
0.990234375
0.990234375
0.990234375
0.9912109375
0.9912109375
0.9912109375
0.9912109375
0.9912109375
0.9912109375
0.9912109375
0.9912109375
0.9912109375
0.9912109375
0.9912109375
0.9912109375
0.9912109375
0.9912109375
0.9912109375
0.9912109375
0.9912109375
0.9912109375
0.9912109375
0.9912109375
0.9912109375
0.9912109375
0.9912109375
0.9912109375
0.9912109375
0.9912109375
0.9912109375
0.9912109375
0.9912109375
0.9912109375
0.9912109375
0.9912109375
0.9912109375
0.9912109375
0.9921875
0.9921875
0.9921875
0.9921875
0.9921875
0.9921875
0.9921875
0.9921875
0.9921875
0.9921875
0.9921875
0.9921875
0.9921875
0.9921875
0.9921875
0.9921875
0.9921875
0.9921875
0.9921875
0.9921875
0.9921875
0.9921875
0.9921875
0.9921875
0.9921875
0.9921875
0.9921875
0.9921875
0.9921875
0.9921875
0.9921875
0.9921875
0.9921875
0.9921875
0.9921875
0.9921875
0.9921875
0.9921875
0.9921875
0.9921875
0.9921875
0.9921875
0.9921875
0.9921875
0.9921875
0.9931640625
0.9931640625
0.9931640625
0.9931640625
0.9931640625
0.9931640625
0.9931640625
0.9931640625
0.9931640625
0.9931640625
0.9931640625
0.9931640625
0.9931640625
0.9931640625
0.9931640625
0.9931640625
0.9931640625
0.9931640625
0.9931640625
0.9931640625
0.9931640625
0.9931640625
0.9931640625
0.9931640625
0.9931640625
0.9931640625
0.9931640625
0.9931640625
0.9931640625
0.9931640625
0.9931640625
0.9931640625
0.9931640625
0.9931640625
0.9931640625
0.9931640625
0.9931640625
0.9931640625
0.9931640625
0.9931640625
0.9931640625
0.9931640625
0.9931640625
0.9931640625
0.9931640625
0.9931640625
0.9931640625
0.9931640625
0.9931640625
0.9931640625
0.9931640625
0.9931640625
0.9931640625
0.9931640625
0.9931640625
0.9931640625
0.9931640625
0.9931640625
0.9931640625
0.9931640625
0.994140625
0.994140625
0.994140625
0.994140625
0.994140625
0.994140625
0.994140625
0.994140625
0.994140625
0.994140625
0.994140625
0.994140625
0.994140625
0.994140625
0.994140625
0.994140625
0.994140625
0.994140625
0.994140625
0.994140625
0.994140625
0.994140625
0.994140625
0.994140625
0.994140625
0.994140625
0.994140625
0.994140625
0.994140625
0.994140625
0.994140625
0.994140625
0.994140625
0.994140625
0.994140625
0.994140625
0.994140625
0.994140625
0.994140625
0.994140625
0.994140625
0.994140625
0.994140625
0.994140625
0.994140625
0.994140625
0.994140625
0.994140625
0.994140625
0.994140625
0.994140625
0.994140625
0.994140625
0.994140625
0.994140625
0.994140625
0.994140625
0.994140625
0.994140625
0.994140625
0.994140625
0.994140625
0.994140625
0.994140625
0.994140625
0.994140625
0.994140625
0.994140625
0.994140625
0.994140625
0.994140625
0.994140625
0.994140625
0.994140625
0.994140625
0.994140625
0.994140625
0.994140625
0.994140625
0.994140625
0.994140625
0.994140625
0.994140625
0.9951171875
0.9951171875
0.9951171875
0.9951171875
0.9951171875
0.9951171875
0.9951171875
0.9951171875
0.9951171875
0.9951171875
0.9951171875
0.9951171875
0.9951171875
0.9951171875
0.9951171875
0.9951171875
0.9951171875
0.9951171875
0.9951171875
0.9951171875
0.9951171875
0.9951171875
0.9951171875
0.9951171875
0.9951171875
0.9951171875
0.9951171875
0.9951171875
0.9951171875
0.9951171875
0.9951171875
0.9951171875
0.9951171875
0.9951171875
0.9951171875
0.9951171875
0.9951171875
0.9951171875
0.9951171875
0.9951171875
0.9951171875
0.9951171875
0.9951171875
0.9951171875
0.9951171875
0.9951171875
0.9951171875
0.9951171875
0.9951171875
0.9951171875
0.9951171875
0.9951171875
0.9951171875
0.9951171875
0.9951171875
0.9951171875
0.9951171875
0.9951171875
0.9951171875
0.9951171875
0.9951171875
0.9951171875
0.9951171875
0.9951171875
0.9951171875
0.9951171875
0.9951171875
0.9951171875
0.9951171875
0.9951171875
